Particle1 1.0 5.0 50.0 50.0 10.0 5.0
Particle2 2.0 8.0 150.0 100.0 -8.0 3.0
Particle3 1.5 6.0 100.0 150.0 2.0 -12.0
Particle4 0.7 3.5 75.0 180.0 -5.0 -7.0
Particle5 2.5 10.0 25.0 75.0 12.0 -2.0
Particle6 1.8 7.0 120.0 40.0 -3.0 -9.0
Particle7 1.2 4.5 180.0 130.0 8.0 8.0
Particle8 3.0 12.0 90.0 90.0 0.0 15.0
Particle9 0.5 2.5 160.0 60.0 -15.0 -4.0
Particle10 2.2 9.0 40.0 140.0 6.0 -10.0
Particle11 1.7 6.5 200.0 20.0 -7.0 7.0
Particle12 0.9 4.0 10.0 170.0 14.0 3.0
Particle13 2.8 11.0 130.0 110.0 -10.0 -12.0
Particle14 1.3 5.5 70.0 30.0 9.0 -8.0
Particle15 0.6 3.0 190.0 150.0 -4.0 10.0
Particle16 2.4 9.5 85.0 65.0 11.0 -5.0
Particle17 1.1 4.8 145.0 185.0 -9.0 -3.0
Particle18 3.2 13.0 35.0 125.0 3.0 14.0
Particle19 0.8 3.8 175.0 45.0 -13.0 6.0
Particle20 1.9 7.5 95.0 165.0 5.0 -15.0